//Maya ASCII 2019 scene
//Name: final_player.ma
//Last modified: Wed, Mar 17, 2021 06:36:07 PM
//Codeset: 1252
requires maya "2019";
requires "mtoa" "3.1.2";
requires "stereoCamera" "10.0";
requires "mtoa" "3.1.2";
requires "stereoCamera" "10.0";
currentUnit -l centimeter -a degree -t film;
fileInfo "application" "maya";
fileInfo "product" "Maya 2019";
fileInfo "version" "2019";
fileInfo "cutIdentifier" "201812112215-434d8d9c04";
fileInfo "osv" "Microsoft Windows 10 Technical Preview  (Build 18363)\n";
createNode transform -s -n "persp";
	rename -uid "F4452411-41A5-9B34-0A1D-4FB9F8095763";
	setAttr ".v" no;
	setAttr ".t" -type "double3" 1.6044902573720492 -0.15045253142030723 42.911859369776593 ;
	setAttr ".r" -type "double3" 9.2616452998678191 721.7999999995335 -2.4860350531201274e-17 ;
	setAttr ".rp" -type "double3" -1.7763568394002505e-15 3.5527136788005009e-15 8.8817841970012523e-16 ;
	setAttr ".rpt" -type "double3" 2.6589441879435933e-15 -3.4251655158210146e-17 9.5777487603069439e-16 ;
createNode camera -s -n "perspShape" -p "persp";
	rename -uid "34B76726-4528-1CE7-2949-C38489CAB726";
	setAttr -k off ".v" no;
	setAttr ".fl" 34.999999999999993;
	setAttr ".coi" 45.355740528900043;
	setAttr ".imn" -type "string" "persp";
	setAttr ".den" -type "string" "persp_depth";
	setAttr ".man" -type "string" "persp_mask";
	setAttr ".tp" -type "double3" -1.5290752649307251 14.07630729675293 -2.1478017568588257 ;
	setAttr ".hc" -type "string" "viewSet -p %camera";
	setAttr ".ai_translator" -type "string" "perspective";
createNode transform -s -n "top";
	rename -uid "0DD0AB25-489C-F36B-DCFC-D793C02C3A4D";
	setAttr ".v" no;
	setAttr ".t" -type "double3" -3.7000481887693564 -987.43203840455317 0 ;
	setAttr ".r" -type "double3" 90 0 0 ;
createNode camera -s -n "topShape" -p "top";
	rename -uid "4B896021-4386-A9DD-73A2-07BE1C318FAC";
	setAttr -k off ".v" no;
	setAttr ".rnd" no;
	setAttr ".coi" 1000.1;
	setAttr ".ow" 30.989569130445339;
	setAttr ".imn" -type "string" "top";
	setAttr ".den" -type "string" "top_depth";
	setAttr ".man" -type "string" "top_mask";
	setAttr ".tp" -type "double3" -3.7000481887693564 12.66796159544681 0 ;
	setAttr ".hc" -type "string" "viewSet -t %camera";
	setAttr ".o" yes;
	setAttr ".ai_translator" -type "string" "orthographic";
createNode transform -s -n "front";
	rename -uid "EBD7B8A8-41C0-99DB-087F-3AAA8AA6EFA0";
	setAttr ".v" no;
	setAttr ".t" -type "double3" 2.3448133126984501 15.906773827763228 1000.1 ;
createNode camera -s -n "frontShape" -p "front";
	rename -uid "E30171B8-4E5E-B1DF-D6D3-90B21AD09905";
	setAttr -k off ".v" no;
	setAttr ".rnd" no;
	setAttr ".coi" 1000.1;
	setAttr ".ow" 9.5482721095543113;
	setAttr ".imn" -type "string" "front";
	setAttr ".den" -type "string" "front_depth";
	setAttr ".man" -type "string" "front_mask";
	setAttr ".hc" -type "string" "viewSet -f %camera";
	setAttr ".o" yes;
	setAttr ".ai_translator" -type "string" "orthographic";
createNode transform -s -n "side";
	rename -uid "A920B59D-49DF-6D32-60A0-33B85FF1FB5B";
	setAttr ".v" no;
	setAttr ".t" -type "double3" 9.4359308525818921 1.1139002765910346 1.5506779667989923 ;
	setAttr ".r" -type "double3" -2.7383527419076135 4046.999999999503 7.5964855456489782e-15 ;
createNode camera -s -n "sideShape" -p "side";
	rename -uid "6E727E4F-4BE4-2FB9-4E45-6B86A5F42990";
	setAttr -k off ".v" no;
	setAttr ".rnd" no;
	setAttr ".fl" 34.999999999999993;
	setAttr ".coi" 8.94725648004537;
	setAttr ".ow" 42.188506213086512;
	setAttr ".imn" -type "string" "side";
	setAttr ".den" -type "string" "side_depth";
	setAttr ".man" -type "string" "side_mask";
	setAttr ".hc" -type "string" "viewSet -s %camera";
	setAttr ".ai_translator" -type "string" "perspective";
createNode transform -n "bottom";
	rename -uid "B97821A4-42BC-990D-71D3-D5B960BDE7EB";
	setAttr ".v" no;
	setAttr ".t" -type "double3" 0 -1000.1 0 ;
	setAttr ".r" -type "double3" 90 0 0 ;
createNode camera -n "bottomShape" -p "bottom";
	rename -uid "9811310B-46B2-2868-7A54-D0B078DB5232";
	setAttr -k off ".v";
	setAttr ".rnd" no;
	setAttr ".coi" 1000.1;
	setAttr ".ow" 30;
	setAttr ".imn" -type "string" "bottom1";
	setAttr ".den" -type "string" "bottom1_depth";
	setAttr ".man" -type "string" "bottom1_mask";
	setAttr ".hc" -type "string" "viewSet -bo %camera";
	setAttr ".o" yes;
	setAttr ".ai_translator" -type "string" "orthographic";
createNode transform -n "lucas_geo";
	rename -uid "0FEC0098-4D7D-0B5F-5BEC-7AAFBC0388D0";
	setAttr ".t" -type "double3" 0.01583309812340512 -0.0063004693022252209 -0.43088260599318717 ;
	setAttr ".s" -type "double3" 0.99999999999999989 0.99999999999999989 1 ;
createNode mesh -n "lucas_geoShape" -p "lucas_geo";
	rename -uid "A8447E5F-40CF-52E1-CE30-42B49312AD8C";
	setAttr -k off ".v";
	setAttr -s 26 ".iog[0].og";
	setAttr ".vir" yes;
	setAttr ".vif" yes;
	setAttr ".pv" -type "double2" 1.494218278355373 0.5 ;
	setAttr ".uvst[0].uvsn" -type "string" "map1";
	setAttr ".cuvs" -type "string" "map1";
	setAttr ".dcc" -type "string" "Ambient+Diffuse";
	setAttr ".covm[0]"  0 1 1;
	setAttr ".cdvm[0]"  0 1 1;
	setAttr -s 7406 ".pt";
	setAttr ".pt[0:165]" -type "float3"  -0.015833139 0.0063009262 0.43088263 
		-0.015833139 0.0062999725 0.43088263 -0.015833139 0.0062999725 0.4308826 -0.015833139 
		0.0063009262 0.4308826 -0.015833098 0.0062999725 0.43088263 -0.015833098 0.0062999725 
		0.43088263 -0.015833097 0.0063009262 0.43088263 -0.015833098 0.0063009262 0.43088257 
		-0.01583308 0.0062999725 0.43088263 -0.01583308 0.0062999725 0.4308826 -0.01583311 
		0.0063009262 0.43088263 -0.015833095 0.0063009262 0.43088257 -0.015833098 0.0062999725 
		0.43088257 -0.01583308 0.0062999725 0.43088257 -0.015833139 0.0062999725 0.43088257 
		-0.015833139 0.0062999725 0.4308826 -0.01583308 0.0062999725 0.43088263 -0.015833098 
		0.0062999725 0.43088263 -0.015833098 0.0063009262 0.43088257 -0.01583308 0.0063009262 
		0.43088257 -0.015833139 0.0063009262 0.43088263 -0.015833139 0.0063009262 0.4308826 
		-0.015832901 0.0062999725 0.4308826 -0.015832901 0.0062999725 0.4308826 -0.015832901 
		0.0062999725 0.43088257 -0.015832901 0.0062999725 0.43088257 -0.015833098 0.0062999725 
		0.43088263 -0.01583308 0.0062999725 0.43088257 -0.01583308 0.0062999725 0.4308826 
		-0.015833098 0.0062999725 0.43088263 -0.01583308 0.0063004643 0.4308826 -0.01583308 
		0.0063004717 0.43088257 -0.015833139 0.0063004643 0.4308826 -0.015833139 0.0063004717 
		0.43088257 -0.015833098 0.0063009262 0.43088257 -0.01583308 0.0063009262 0.43088263 
		-0.015833139 0.0063009262 0.43088263 -0.015833139 0.0063009262 0.4308826 -0.015833098 
		0.0063009262 0.43088263 -0.01583308 0.0063009262 0.43088263 -0.015833139 0.0063009262 
		0.43088257 -0.015833139 0.0063009262 0.4308826 -0.01583308 0.0063009262 0.43088263 
		-0.015833097 0.0063009262 0.43088263 -0.01583308 0.0063009262 0.43088257 -0.015833139 
		0.0063009262 0.43088257 -0.015833139 0.0063009262 0.4308826 -0.01583308 0.0063009262 
		0.4308826 -0.01583308 0.0063004494 0.43088257 -0.015833139 0.0063004494 0.43088263 
		-0.015833139 0.0063004494 0.4308826 -0.01583308 0.0063004494 0.4308826 -0.01583308 
		0.0063004494 0.43088257 -0.015833139 0.0063004494 0.43088257 -0.015833139 0.0063004494 
		0.4308826 -0.01583308 0.0063004494 0.4308826 -0.01583308 0.0063004494 0.43088257 
		-0.015833139 0.0063004494 0.43088257 -0.015833139 0.0063004494 0.4308826 -0.01583308 
		0.0063004494 0.4308826 -0.01583308 0.0063004494 0.43088257 -0.015833139 0.0063004494 
		0.43088263 -0.015833139 0.0063004494 0.4308826 -0.01583308 0.0063004494 0.4308826 
		-0.01583308 0.0063004494 0.43088257 -0.015833139 0.0063004494 0.43088257 -0.015833139 
		0.0063004494 0.43088263 -0.01583308 0.0063004494 0.4308826 -0.01583308 0.0063004494 
		0.43088269 -0.015833139 0.0063004494 0.43088269 -0.015833139 0.0063004717 0.43088269 
		-0.015833139 0.0063004717 0.43088269 -0.015833098 0.0062999725 0.43088263 -0.01583308 
		0.0062999725 0.4308826 -0.01583308 0.0062999725 0.43088257 -0.015833098 0.0062999725 
		0.43088263 -0.015833139 0.0063009262 0.43088263 -0.015833139 0.0062999725 0.43088263 
		-0.015833139 0.0062999725 0.4308826 -0.015833139 0.0063009262 0.4308826 -0.015832901 
		0.0062999725 0.4308826 -0.015832901 0.0062999725 0.43088263 -0.015832901 0.0062999725 
		0.4308826 -0.015832901 0.0063009262 0.4308826 -0.015832901 0.0062999725 0.43088263 
		-0.015832901 0.0062999725 0.4308826 -0.015832901 0.0062999725 0.4308826 -0.015832901 
		0.0063009262 0.4308826 -0.015832901 0.0063009262 0.43088263 -0.015832901 0.0062999725 
		0.43088263 -0.015832901 0.0062999725 0.4308826 -0.015832901 0.0062999725 0.4308826 
		-0.01583308 0.0062999725 0.43088257 -0.01583308 0.0062999725 0.4308826 -0.01583308 
		0.0062999725 0.43088263 -0.01583308 0.0063009262 0.43088263 -0.01583308 0.0063009262 
		0.43088263 -0.01583308 0.0063009262 0.4308826 -0.015833139 0.0063004494 0.4308826 
		-0.01583308 0.0063004494 0.4308826 -0.01583308 0.0063004494 0.43088263 -0.01583308 
		0.0063004494 0.4308826 -0.01583308 0.0063004494 0.43088263 -0.015833139 0.0063004717 
		0.4308826 -0.01583308 0.0063004717 0.43088257 -0.015833139 0.0063004717 0.43088269 
		-0.015833139 0.0063004494 0.43088269 -0.01583308 0.0063004494 0.43088257 -0.01583308 
		0.0063004494 0.43088257 -0.01583308 0.0063004494 0.43088257 -0.01583308 0.0063004494 
		0.43088257 -0.01583308 0.0063004494 0.43088257 -0.01583308 0.0063009262 0.43088257 
		-0.01583308 0.0063009262 0.43088257 -0.01583308 0.0063009262 0.43088263 -0.01583308 
		0.0063009262 0.43088257 -0.01583308 0.0063009262 0.43088257 -0.01583308 0.0062999725 
		0.43088257 -0.015833139 0.0062999725 0.43088257 -0.015833139 0.0062999725 0.4308826 
		-0.015833139 0.0062999725 0.43088263 -0.015833139 0.0063009262 0.43088263 -0.015833139 
		0.0063009262 0.43088263 -0.015833139 0.0063009262 0.43088263 -0.015833139 0.0063009262 
		0.43088263 -0.015833139 0.0063009262 0.4308826 -0.015833139 0.0063004494 0.4308826 
		-0.015833139 0.0063004494 0.4308826 -0.015833139 0.0063004494 0.43088263 -0.015833139 
		0.0063004494 0.43088263 -0.015833139 0.0063004494 0.43088263 -0.015833139 0.0063004717 
		0.4308826 -0.015833139 0.0063004717 0.43088257 -0.015833139 0.0063004717 0.43088269 
		-0.015833139 0.0063004494 0.43088269 -0.015833139 0.0063004494 0.43088257 -0.015833139 
		0.0063004494 0.43088257 -0.015833139 0.0063004494 0.43088257 -0.015833139 0.0063004494 
		0.43088257 -0.015833139 0.0063004494 0.43088257 -0.015833139 0.0063009262 0.43088257 
		-0.015833139 0.0063009262 0.43088257 -0.015833139 0.0063009262 0.43088257 -0.015833139 
		0.0063009262 0.43088257 -0.015833139 0.0063009262 0.43088257 -0.015833139 0.0062999725 
		0.43088263 -0.015832901 0.0062999725 0.43088263 -0.015832901 0.0062999725 0.43088257 
		-0.015832901 0.0062999725 0.4308826 -0.015832901 0.0063009262 0.4308826 -0.015832901 
		0.0062999725 0.43088263 -0.015832901 0.0062999725 0.4308826 -0.015832901 0.0062999725 
		0.4308826 -0.015832901 0.0062999725 0.4308826 -0.015832901 0.0062999725 0.43088263 
		-0.015832901 0.0062999725 0.43088263 -0.015832901 0.0062999725 0.4308826 -0.015832901 
		0.0063009262 0.4308826 -0.015833139 0.0062999725 0.43088263 -0.015833139 0.0062999725 
		0.43088263 -0.015833139 0.0062999725 0.4308826 -0.015833139 0.0063009262 0.4308826 
		-0.015833098 0.0063009262 0.4308826 -0.015833095 0.0063009262 0.4308826 -0.01583311 
		0.0063009262 0.4308826 -0.01583308 0.0063004494 0.4308826;
	setAttr ".pt[166:331]" -0.01583308 0.0063004494 0.4308826 -0.01583311 0.0063004494 
		0.43088257 -0.01583311 0.0063004494 0.4308826 -0.01583311 0.0063004494 0.4308826 
		-0.01583308 0.0063004717 0.4308826 -0.01583308 0.0063004717 0.4308826 -0.015833139 
		0.0063004717 0.4308826 -0.015833139 0.0063004717 0.4308826 -0.015833139 0.0063004494 
		0.4308826 -0.015833139 0.0063004494 0.4308826 -0.015833139 0.0063004494 0.4308826 
		-0.015833139 0.0063004494 0.4308826 -0.015833139 0.0063004494 0.4308826 -0.015833139 
		0.0063009262 0.4308826 -0.015833139 0.0063009262 0.4308826 -0.01583302 0.0063009262 
		0.4308826 -0.015833139 0.0063009262 0.4308826 -0.015833139 0.0063009262 0.4308826 
		-0.015833139 0.0062999725 0.4308826 -0.015833139 0.0062999725 0.4308826 -0.015832901 
		0.0062999725 0.4308826 -0.015832901 0.0062999725 0.4308826 -0.015832901 0.0062999725 
		0.4308826 -0.015832901 0.0062999725 0.4308826 -0.015832901 0.0062999725 0.4308826 
		-0.015832901 0.0062999725 0.4308826 -0.015832901 0.0062999725 0.4308826 -0.015832901 
		0.0062999725 0.43088263 -0.015832901 0.0062999725 0.43088263 -0.015832901 0.0062999725 
		0.43088257 -0.015832901 0.0062999725 0.43088257 -0.015832901 0.0062999725 0.43088257 
		-0.015832901 0.0062999725 0.43088263 -0.015832901 0.0062999725 0.43088257 -0.015833139 
		0.0062999725 0.43088257 -0.015833139 0.0062999725 0.43088263 -0.015833139 0.0062999725 
		0.4308826 -0.015833139 0.0062999725 0.4308826 -0.015833139 0.0062999725 0.4308826 
		-0.01583308 0.0062999725 0.4308826 -0.01583308 0.0062999725 0.4308826 -0.01583308 
		0.0062999725 0.4308826 -0.01583308 0.0062999725 0.4308826 -0.015833139 0.0063009262 
		0.43088263 -0.015833139 0.0063009262 0.4308826 -0.015833139 0.0062999725 0.4308826 
		-0.015833139 0.0062999725 0.4308826 -0.015832901 0.0062999725 0.4308826 -0.015832901 
		0.0062999725 0.4308826 -0.015832901 0.0062999725 0.4308826 -0.015832901 0.0062999725 
		0.4308826 -0.015832901 0.0062999725 0.4308826 -0.015832901 0.0062999725 0.4308826 
		-0.015832901 0.0062999725 0.4308826 -0.015832901 0.0062999725 0.4308826 -0.015832901 
		0.0062999725 0.43088263 -0.015832901 0.0062999725 0.4308826 -0.015832901 0.0063009262 
		0.4308826 -0.015832901 0.0063009262 0.4308826 -0.015832901 0.0063009262 0.4308826 
		-0.015832901 0.0063009262 0.4308826 -0.015832901 0.0063009262 0.4308826 -0.015833139 
		0.0063009262 0.4308826 -0.015833139 0.0063009262 0.4308826 -0.015833139 0.0063009262 
		0.43088257 -0.015833139 0.0063009262 0.43088257 -0.01583308 0.0063009262 0.43088257 
		-0.01583308 0.0063009262 0.43088257 -0.015833098 0.0063009262 0.43088257 -0.015833139 
		0.0063009262 0.43088257 -0.015833139 0.0063009262 0.43088269 -0.015833139 0.0063009262 
		0.43088257 -0.015833139 0.0063009262 0.43088269 -0.015833097 0.0063009262 0.43088269 
		-0.015833097 0.0063009262 0.43088269 -0.015833139 0.0063009262 0.43088269 -0.015833139 
		0.0063009262 0.43088269 -0.015833097 0.0063009262 0.43088269 -0.015833139 0.0063009262 
		0.43088257 -0.015833139 0.0063009262 0.43088257 -0.015833097 0.0063009262 0.43088257 
		-0.015833139 0.0063009262 0.43088257 -0.015833139 0.0063009262 0.43088257 -0.015833139 
		0.0063009262 0.43088257 -0.015833139 0.0063009262 0.43088257 -0.015833097 0.0062999725 
		0.43088257 -0.015833139 0.0062999725 0.43088257 -0.015833139 0.0062999725 0.43088257 
		-0.015833139 0.0062999725 0.43088257 -0.015832901 0.0062999725 0.43088257 -0.015832901 
		0.0062999725 0.43088263 -0.015832901 0.0062999725 0.43088263 -0.015832901 0.0062999725 
		0.4308826 -0.015832901 0.0062999725 0.4308826 -0.015832901 0.0062999725 0.4308826 
		-0.015832901 0.0062999725 0.4308826 -0.015832901 0.0062999725 0.4308826 -0.015832901 
		0.0063009262 0.43088257 -0.015832901 0.0063009262 0.43088257 -0.015832901 0.0063009262 
		0.43088257 -0.015832901 0.0063009262 0.43088257 -0.015832901 0.0062999725 0.43088257 
		-0.015832901 0.0062999725 0.43088257 -0.015832901 0.0062999725 0.43088263 -0.015832901 
		0.0062999725 0.43088257 -0.015832901 0.0062999725 0.43088263 -0.015832901 0.0062999725 
		0.4308826 -0.015832901 0.0062999725 0.4308826 -0.015832901 0.0062999725 0.4308826 
		-0.015832901 0.0063009262 0.4308826 -0.015832901 0.0063009262 0.4308826 -0.015833139 
		0.0062999725 0.4308826 -0.015833139 0.0063009262 0.43088263 -0.015833139 0.0063009262 
		0.43088263 -0.015833139 0.0063009262 0.43088263 -0.015833139 0.0063009262 0.4308826 
		-0.015833139 0.0063009262 0.43088263 -0.015833139 0.0063009262 0.4308826 -0.015833139 
		0.0063004494 0.4308826 -0.015833139 0.0063004494 0.4308826 -0.015833139 0.0063004494 
		0.43088263 -0.015833139 0.0063004494 0.43088263 -0.015833139 0.0063004494 0.43088263 
		-0.015833139 0.0063004717 0.4308826 -0.015833139 0.0063004717 0.4308826 -0.015833139 
		0.0063004717 0.43088257 -0.015833139 0.0063004717 0.43088269 -0.015833139 0.0063004494 
		0.43088269 -0.015833139 0.0063004494 0.43088257 -0.015833139 0.0063004494 0.43088257 
		-0.015833139 0.0063004494 0.43088257 -0.015833139 0.0063004494 0.43088257 -0.015833139 
		0.0063004494 0.43088257 -0.015833139 0.0063009262 0.43088257 -0.015833139 0.0063009262 
		0.43088257 -0.015833139 0.0063009262 0.43088263 -0.015833139 0.0063009262 0.43088263 
		-0.015833139 0.0063009262 0.43088257 -0.015833139 0.0063009262 0.43088263 -0.015833139 
		0.0062999725 0.43088257 -0.015833139 0.0062999725 0.43088263 -0.015833139 0.0062999725 
		0.43088263 -0.015833139 0.0062999725 0.43088257 -0.015832901 0.0062999725 0.43088257 
		-0.015832901 0.0062999725 0.43088257 -0.015832901 0.0062999725 0.43088263 -0.015832901 
		0.0062999725 0.43088257 -0.015832901 0.0062999725 0.43088257 -0.015832901 0.0062999725 
		0.43088263 -0.015832901 0.0062999725 0.43088257 -0.015832901 0.0062999725 0.43088257 
		-0.015832901 0.0062999725 0.43088257 -0.015832901 0.0062999725 0.43088257 -0.015832901 
		0.0062999725 0.43088257 -0.015832901 0.0062999725 0.43088263 -0.015832901 0.0062999725 
		0.4308826 -0.015832901 0.0062999725 0.4308826 -0.015832901 0.0062999725 0.4308826 
		-0.015832901 0.0062999725 0.4308826 -0.015832901 0.0062999725 0.4308826 -0.015832901 
		0.0062999725 0.4308826 -0.015832901 0.0062999725 0.4308826 -0.015832901 0.0062999725 
		0.4308826 -0.015832901 0.0062999725 0.4308826 -0.015833139 0.0062999725 0.4308826 
		-0.015833139 0.0062999725 0.4308826;
	setAttr ".pt[332:497]" -0.015833139 0.0062999725 0.4308826 -0.015832901 0.0062999725 
		0.43088257 -0.015832901 0.0062999725 0.43088257 -0.015832901 0.0062999725 0.43088257 
		-0.015832901 0.0062999725 0.43088257 -0.015832901 0.0063009262 0.43088257 -0.015832901 
		0.0062999725 0.43088257 -0.015832901 0.0062999725 0.43088257 -0.015832901 0.0062999725 
		0.43088257 -0.015833139 0.0063009262 0.43088257 -0.015833139 0.0063009262 0.43088257 
		-0.015833139 0.0063009262 0.43088257 -0.015833139 0.0062999725 0.43088257 -0.015833139 
		0.0062999725 0.43088257 -0.01583308 0.0062999725 0.43088257 -0.015833097 0.0062999725 
		0.43088257 -0.015833097 0.0063009262 0.43088257 -0.01583308 0.0063009262 0.43088257 
		-0.015833139 0.0063009262 0.43088257 -0.015833139 0.0063009262 0.43088263 -0.015833098 
		0.0063009262 0.43088257 -0.01583308 0.0063009262 0.43088257 -0.01583308 0.0063009262 
		0.43088257 -0.015833139 0.0063009262 0.43088257 -0.015833139 0.0063009262 0.43088257 
		-0.015833139 0.0063009262 0.43088263 -0.015833139 0.0063009262 0.4308826 -0.015833139 
		0.0063009262 0.4308826 -0.015833139 0.0063009262 0.43088263 -0.015833139 0.0063009262 
		0.43088263 -0.01583308 0.0063009262 0.43088263 -0.01583308 0.0063009262 0.43088263 
		-0.015833098 0.0063009262 0.43088263 -0.015833098 0.0062999725 0.43088263 -0.01583308 
		0.0062999725 0.43088263 -0.01583308 0.0062999725 0.4308826 -0.015833098 0.0062999725 
		0.4308826 -0.01583308 0.0062999725 0.43088263 -0.015833098 0.0062999725 0.43088263 
		-0.01583308 0.0062999725 0.4308826 -0.01583308 0.0062999725 0.4308826 -0.015833139 
		0.0062999725 0.4308826 -0.015833139 0.0062999725 0.43088263 -0.01583308 0.0062999725 
		0.43088263 -0.015833139 0.0062999725 0.43088263 -0.015833098 0.0062999725 0.43088257 
		-0.01583308 0.0062999725 0.43088263 -0.01583308 0.0062999725 0.43088263 -0.015833139 
		0.0062999725 0.43088257 -0.015833139 0.0062999725 0.43088263 -0.015833139 0.0062999725 
		0.43088263 -0.015833139 0.0062999725 0.43088263 -0.015833139 0.0062999725 0.43088263 
		-0.015832901 0.0062999725 0.43088263 -0.015832901 0.0062999725 0.43088257 -0.015832901 
		0.0062999725 0.43088263 -0.015832901 0.0062999725 0.43088257 -0.015832901 0.0062999725 
		0.43088257 -0.015832901 0.0062999725 0.43088263 -0.015832901 0.0062999725 0.43088257 
		-0.015832901 0.0062999725 0.43088257 -0.015832901 0.0062999725 0.43088257 -0.015832901 
		0.0062999725 0.43088257 -0.015832901 0.0062999725 0.43088257 -0.015832901 0.0062999725 
		0.43088257 -0.015832901 0.0062999725 0.43088257 -0.015832901 0.0062999725 0.43088263 
		-0.015832901 0.0062999725 0.4308826 -0.015832901 0.0062999725 0.4308826 -0.015832901 
		0.0062999725 0.4308826 -0.015832901 0.0062999725 0.4308826 -0.015832901 0.0062999725 
		0.4308826 -0.015832901 0.0062999725 0.4308826 -0.015832901 0.0062999725 0.4308826 
		-0.015832901 0.0062999725 0.4308826 -0.015832901 0.0062999725 0.4308826 -0.015833139 
		0.0062999725 0.4308826 -0.015833139 0.0062999725 0.4308826 -0.015833139 0.0062999725 
		0.4308826 -0.015833139 0.0062999725 0.4308826 -0.015833139 0.0062999725 0.43088263 
		-0.01583308 0.0062999725 0.43088263 -0.01583308 0.0062999725 0.43088263 -0.015833097 
		0.0062999725 0.43088263 -0.015833098 0.0062999725 0.43088263 -0.01583308 0.0062999725 
		0.43088257 -0.01583308 0.0062999725 0.43088269 -0.015833098 0.0062999725 0.43088269 
		-0.01583308 0.0062999725 0.43088257 -0.01583308 0.0062999725 0.43088269 -0.015833098 
		0.0062999725 0.43088263 -0.01583308 0.0062999725 0.43088263 -0.015833098 0.0062999725 
		0.43088257 -0.01583308 0.0062999725 0.43088257 -0.015833139 0.0062999725 0.43088257 
		-0.01583308 0.0062999725 0.43088263 -0.015833139 0.0063004792 0.43088263 -0.015833139 
		0.0063004792 0.43088263 -0.015833139 0.0063004792 0.43088263 -0.01583308 0.0063004792 
		0.43088263 -0.01583308 0.0063004792 0.43088263 -0.01583311 0.0063004643 0.4308826 
		-0.01583308 0.0063004792 0.43088257 -0.01583308 0.0063004792 0.43088269 -0.015833139 
		0.0063004792 0.43088269 -0.015833139 0.0063004792 0.43088269 -0.015833139 0.0063004792 
		0.43088269 -0.015833139 0.0063004792 0.43088269 -0.015833139 0.0063004792 0.43088257 
		-0.015833139 0.0063004792 0.4308826 -0.015833139 0.0063004494 0.43088257 -0.015833139 
		0.0063004792 0.43088257 -0.015833139 0.0063004717 0.43088257 -0.015833139 0.0063004717 
		0.43088257 -0.015833139 0.0063004717 0.43088269 -0.015833139 0.0063004717 0.43088269 
		-0.01583308 0.0063004717 0.43088257 -0.01583308 0.0063004792 0.43088257 -0.01583308 
		0.0063004494 0.43088257 -0.015833139 0.0063004494 0.43088269 -0.015833139 0.0063004494 
		0.43088257 -0.015833139 0.0063004494 0.43088269 -0.015833139 0.0063004792 0.43088263 
		-0.015833139 0.0063004792 0.43088263 -0.015833139 0.0063004792 0.43088263 -0.01583308 
		0.0063004792 0.43088263 -0.01583308 0.0063004792 0.4308826 -0.01583308 0.0063004792 
		0.4308826 -0.01583308 0.0063004792 0.43088257 -0.01583308 0.0063004792 0.43088269 
		-0.015833139 0.0063004643 0.43088269 -0.015833139 0.0063004643 0.43088269 -0.015833139 
		0.0063004643 0.43088269 -0.015833139 0.0063004643 0.43088269 -0.015833139 0.0063004643 
		0.43088269 -0.015833139 0.0063004792 0.43088257 -0.015833139 0.0063004792 0.43088257 
		-0.015833139 0.0063004792 0.4308826 -0.015833139 0.0063004494 0.43088257 -0.015833139 
		0.0063004494 0.4308826 -0.015833139 0.0063004494 0.4308826 -0.015833139 0.0063004494 
		0.43088263 -0.015833139 0.0063004494 0.43088263 -0.01583308 0.0063004494 0.4308826 
		-0.01583308 0.0063004494 0.4308826 -0.01583311 0.0063004494 0.43088263 -0.01583308 
		0.0063004494 0.43088257 -0.01583308 0.0063004494 0.43088257 -0.015833139 0.0063004494 
		0.43088257 -0.015833139 0.0063004494 0.43088257 -0.015833139 0.0063004494 0.43088257 
		-0.015833139 0.0063004792 0.43088257 -0.015833139 0.0063004792 0.43088257 -0.015833139 
		0.0063004717 0.43088257 -0.015833139 0.0063004717 0.43088257 -0.015833139 0.0063004717 
		0.43088257 -0.015833139 0.0063004717 0.43088257 -0.01583308 0.0063004717 0.43088257 
		-0.01583308 0.0063004792 0.43088257 -0.01583308 0.0063004792 0.43088257 -0.01583308 
		0.0063004494 0.43088257 -0.01583308 0.0063004494 0.43088257 -0.015833139 0.0063004494 
		0.43088257 -0.015833139 0.0063004494 0.43088257 -0.01583308 0.0063004494 0.43088257 
		-0.01583308 0.0063004494 0.43088257;
	setAttr ".pt[498:663]" -0.01583308 0.0063004494 0.4308826 -0.01583308 0.0063004494 
		0.4308826 -0.01583308 0.0063004494 0.4308826 -0.015833139 0.0063004494 0.4308826 
		-0.015833139 0.0063004494 0.4308826 -0.015833139 0.0063004494 0.4308826 -0.015833139 
		0.0063004494 0.4308826 -0.015833139 0.0063004494 0.43088257 -0.015833139 0.0063004494 
		0.43088257 -0.015833139 0.0063004494 0.43088257 -0.015833139 0.0063009262 0.43088257 
		-0.015833139 0.0063009262 0.4308826 -0.015833139 0.0063004494 0.43088257 -0.015833139 
		0.0063004494 0.4308826 -0.015833139 0.0063004494 0.43088257 -0.015833139 0.0063004494 
		0.4308826 -0.015833139 0.0063004494 0.4308826 -0.015833139 0.0063004494 0.4308826 
		-0.015833139 0.0063004494 0.4308826 -0.015833139 0.0063004494 0.4308826 -0.015833139 
		0.0063004494 0.4308826 -0.01583308 0.0063004494 0.4308826 -0.01583308 0.0063009262 
		0.4308826 -0.01583308 0.0063009262 0.43088257 -0.01583308 0.0063009262 0.43088257 
		-0.015833139 0.0063009262 0.43088257 -0.015833139 0.0063009262 0.43088257 -0.015833139 
		0.0063004494 0.43088257 -0.015833139 0.0063009262 0.43088263 -0.015833139 0.0063009262 
		0.4308826 -0.015833139 0.0063004494 0.43088263 -0.015833139 0.0063004494 0.4308826 
		-0.015833139 0.0063009262 0.43088257 -0.015833139 0.0063009262 0.4308826 -0.015833139 
		0.0063004494 0.4308826 -0.015833139 0.0063004494 0.43088257 -0.015833139 0.0063009262 
		0.43088257 -0.015833139 0.0063009262 0.4308826 -0.015833139 0.0063004494 0.4308826 
		-0.015833139 0.0063004494 0.4308826 -0.015833139 0.0063004494 0.43088257 -0.015833139 
		0.0063004494 0.43088257 -0.015833139 0.0063009262 0.43088257 -0.015833139 0.0063009262 
		0.4308826 -0.015833139 0.0063009262 0.4308826 -0.015833139 0.0063009262 0.43088263 
		-0.015833139 0.0063009262 0.43088263 -0.01583308 0.0063009262 0.43088263 -0.01583308 
		0.0063009262 0.4308826 -0.01583311 0.0063009262 0.4308826 -0.01583311 0.0063009262 
		0.43088257 -0.01583308 0.0063009262 0.43088257 -0.015833139 0.0063009262 0.43088257 
		-0.015833139 0.0063009262 0.43088257 -0.015833098 0.0062999725 0.43088257 -0.01583308 
		0.0062999725 0.43088257 -0.015833139 0.0062999725 0.43088257 -0.015833139 0.0062999725 
		0.4308826 -0.015833139 0.0062999725 0.4308826 -0.015833139 0.0062999725 0.43088263 
		-0.015833139 0.0062999725 0.43088257 -0.01583308 0.0062999725 0.43088257 -0.015833097 
		0.0062999725 0.43088257 -0.015833097 0.0062999725 0.43088257 -0.01583308 0.0062999725 
		0.43088257 -0.015833139 0.0062999725 0.43088263 -0.015833139 0.0062999725 0.4308826 
		-0.015833139 0.0062999725 0.4308826 -0.015833139 0.0062999725 0.43088263 -0.015833139 
		0.0062999725 0.43088257 -0.01583308 0.0062999725 0.43088257 -0.015833097 0.0062999725 
		0.43088257 -0.015833139 0.0062999725 0.4308826 -0.015833139 0.0062999725 0.4308826 
		-0.015833097 0.0062999725 0.43088257 -0.01583308 0.0062999725 0.43088257 -0.015833139 
		0.0062999725 0.43088263 -0.015833139 0.0062999725 0.4308826 -0.015833139 0.0062999725 
		0.4308826 -0.015833139 0.0062999725 0.4308826 -0.015833139 0.0062999725 0.43088263 
		-0.015833139 0.0062999725 0.43088257 -0.01583308 0.0062999725 0.43088257 -0.015833097 
		0.0062999725 0.43088257 -0.015833095 0.0062999725 0.43088257 -0.015833095 0.0062999725 
		0.43088257 -0.015833095 0.0062999725 0.4308826 -0.01583311 0.0062999725 0.43088263 
		-0.01583311 0.0062999725 0.43088257 -0.01583311 0.0062999725 0.43088257 -0.01583311 
		0.0062999725 0.43088257 -0.01583311 0.0062999725 0.43088257 -0.015833095 0.0062999725 
		0.43088263 -0.015833095 0.0062999725 0.43088263 -0.015833095 0.0062999725 0.4308826 
		-0.01583311 0.0062999725 0.43088263 -0.01583311 0.0062999725 0.43088263 -0.01583311 
		0.0062999725 0.43088263 -0.01583308 0.0062999725 0.43088257 -0.01583308 0.0062999725 
		0.43088257 -0.01583308 0.0063009262 0.43088269 -0.01583308 0.0063009262 0.43088269 
		-0.01583308 0.0063009262 0.43088269 -0.01583308 0.0063009262 0.43088257 -0.01583308 
		0.0063009262 0.43088257 -0.01583311 0.0063009262 0.43088263 -0.015833095 0.0063009262 
		0.43088263 -0.015833095 0.0063009262 0.43088263 -0.015833095 0.0063009262 0.4308826 
		-0.015833095 0.0063009262 0.43088257 -0.015833095 0.0063009262 0.43088257 -0.015833095 
		0.0063009262 0.43088257 -0.01583311 0.0063009262 0.43088257 -0.015833095 0.0063009262 
		0.43088257 -0.01583311 0.0063009262 0.43088257 -0.01583311 0.0062999725 0.43088257 
		-0.015833095 0.0062999725 0.43088257 -0.015833095 0.0062999725 0.43088263 -0.015833095 
		0.0062999725 0.4308826 -0.015833095 0.0062999725 0.43088263 -0.015833095 0.0062999725 
		0.43088263 -0.01583311 0.0062999725 0.43088257 -0.015833095 0.0062999725 0.43088257 
		-0.015833095 0.0062999725 0.43088257 -0.015833097 0.0062999725 0.43088257 -0.015833095 
		0.0062999725 0.43088257 -0.015833095 0.0062999725 0.43088257 -0.015833097 0.0062999725 
		0.43088257 -0.015833098 0.0063009262 0.43088263 -0.015833095 0.0063009262 0.43088263 
		-0.015833095 0.0063009262 0.43088263 -0.01583311 0.0063009262 0.43088263 -0.01583311 
		0.0063009262 0.43088263 -0.01583308 0.0063009262 0.43088263 -0.01583308 0.0063004494 
		0.43088263 -0.01583308 0.0063004494 0.43088263 -0.01583308 0.0063004494 0.43088263 
		-0.01583308 0.0063004494 0.43088263 -0.01583308 0.0063004494 0.43088263 -0.01583308 
		0.0063004494 0.43088257 -0.01583311 0.0063004494 0.43088257 -0.01583308 0.0063004792 
		0.43088257 -0.01583308 0.0063004792 0.43088263 -0.01583308 0.0063004717 0.43088263 
		-0.015833139 0.0063004717 0.43088263 -0.015833139 0.0063004717 0.43088263 -0.015833139 
		0.0063004717 0.43088263 -0.015833139 0.0063004717 0.43088263 -0.015833139 0.0063004792 
		0.43088263 -0.015833139 0.0063004792 0.43088257 -0.015833139 0.0063004494 0.43088263 
		-0.015833139 0.0063004494 0.43088257 -0.015833139 0.0063004494 0.4308826 -0.015833139 
		0.0063004494 0.43088263 -0.015833139 0.0063004494 0.4308826 -0.015833139 0.0063004494 
		0.43088263 -0.015833139 0.0063004494 0.4308826 -0.015833139 0.0063004494 0.4308826 
		-0.015833139 0.0063004494 0.43088263 -0.015833139 0.0063004494 0.4308826 -0.015833139 
		0.0063004494 0.43088263 -0.015833139 0.0063004494 0.43088263 -0.015833139 0.0063009262 
		0.4308826 -0.015833139 0.0063009262 0.4308826 -0.015833139 0.0063009262 0.4308826 
		-0.015833139 0.0063009262 0.4308826;
	setAttr ".pt[664:829]" -0.015833139 0.0063009262 0.4308826 -0.015833139 0.0063009262 
		0.43088263 -0.015833139 0.0063009262 0.43088263 -0.015833139 0.0063009262 0.4308826 
		-0.015833139 0.0063009262 0.43088263 -0.015833139 0.0063009262 0.43088263 -0.015833139 
		0.0063009262 0.43088263 -0.015833139 0.0063009262 0.4308826 -0.015832901 0.0063009262 
		0.4308826 -0.015832901 0.0062999725 0.43088263 -0.015832901 0.0063009262 0.4308826 
		-0.015832901 0.0063009262 0.43088263 -0.015832901 0.0063009262 0.43088263 -0.015832901 
		0.0063009262 0.43088263 -0.015832901 0.0062999725 0.4308826 -0.015832901 0.0062999725 
		0.4308826 -0.015832901 0.0062999725 0.43088263 -0.015832901 0.0062999725 0.43088257 
		-0.015832901 0.0062999725 0.43088263 -0.015832901 0.0062999725 0.43088263 -0.015832901 
		0.0062999725 0.43088263 -0.015832901 0.0062999725 0.43088263 -0.015832901 0.0062999725 
		0.4308826 -0.015832901 0.0062999725 0.43088263 -0.015832901 0.0062999725 0.4308826 
		-0.015832901 0.0062999725 0.43088263 -0.015832901 0.0062999725 0.4308826 -0.015832901 
		0.0062999725 0.4308826 -0.015832901 0.0062999725 0.4308826 -0.015833139 0.0062999725 
		0.43088263 -0.015833139 0.0062999725 0.43088263 -0.015833139 0.0062999725 0.43088263 
		-0.01583302 0.0062999725 0.43088263 -0.015833139 0.0062999725 0.4308826 -0.01583308 
		0.0062999725 0.4308826 -0.01583308 0.0062999725 0.4308826 -0.01583308 0.0062999725 
		0.4308826 -0.01583308 0.0062999725 0.4308826 -0.01583308 0.0062999725 0.4308826 -0.015833139 
		0.0062999725 0.4308826 -0.015833139 0.0062999725 0.4308826 -0.015833139 0.0062999725 
		0.4308826 -0.015833139 0.0062999725 0.4308826 -0.015833139 0.0062999725 0.4308826 
		-0.015833139 0.0062999725 0.43088257 -0.01583308 0.0062999725 0.4308826 -0.01583311 
		0.0062999725 0.4308826 -0.015833098 0.0062999725 0.4308826 -0.015833139 0.0062999725 
		0.4308826 -0.015833139 0.0062999725 0.4308826 -0.015833139 0.0062999725 0.4308826 
		-0.015833139 0.0062999725 0.4308826 -0.015833139 0.0062999725 0.4308826 -0.015833139 
		0.0062999725 0.4308826 -0.015833139 0.0062999725 0.4308826 -0.015833097 0.0062999725 
		0.43088257 -0.01583311 0.0062999725 0.43088257 -0.01583308 0.0062999725 0.43088257 
		-0.015833139 0.0062999725 0.43088257 -0.015833139 0.0062999725 0.43088263 -0.015833139 
		0.0062999725 0.4308826 -0.015833139 0.0062999725 0.4308826 -0.015833139 0.0062999725 
		0.4308826 -0.015833139 0.0062999725 0.43088263 -0.01583308 0.0062999725 0.43088257 
		-0.015833095 0.0062999725 0.43088263 -0.015833098 0.0062999725 0.43088263 -0.015833098 
		0.0062999725 0.43088257 -0.015833095 0.0062999725 0.43088257 -0.01583308 0.0062999725 
		0.43088257 -0.01583308 0.0062999725 0.43088263 -0.015833139 0.0062999725 0.43088263 
		-0.015833139 0.0062999725 0.4308826 -0.015833139 0.0062999725 0.4308826 -0.015833139 
		0.0062999725 0.4308826 -0.01583308 0.0062999725 0.43088263 -0.01583308 0.0062999725 
		0.43088257 -0.01583311 0.0062999725 0.43088257 -0.015833097 0.0062999725 0.43088257 
		-0.015833098 0.0062999725 0.43088269 -0.015833095 0.0062999725 0.43088269 -0.01583308 
		0.0062999725 0.43088269 -0.015833139 0.0062999725 0.43088257 -0.015833139 0.0062999725 
		0.43088257 -0.015833139 0.0062999725 0.43088263 -0.015833139 0.0062999725 0.43088263 
		-0.015833139 0.0062999725 0.43088257 -0.015833139 0.0062999725 0.43088263 -0.01583308 
		0.0062999725 0.43088257 -0.01583308 0.0062999725 0.43088263 -0.015833095 0.0062999725 
		0.4308826 -0.015833098 0.0062999725 0.43088263 -0.015833139 0.0063009262 0.4308826 
		-0.01583308 0.0063009262 0.43088263 -0.01583311 0.0063009262 0.43088263 -0.015833095 
		0.0063009262 0.4308826 -0.015833095 0.0063009262 0.43088263 -0.01583311 0.0063009262 
		0.43088257 -0.01583308 0.0063009262 0.43088257 -0.015833139 0.0063009262 0.43088257 
		-0.015833139 0.0063009262 0.43088257 -0.015833139 0.0063009262 0.43088257 -0.015833139 
		0.0063009262 0.4308826 -0.015833139 0.0063009262 0.4308826 -0.015833139 0.0063009262 
		0.43088263 -0.015833139 0.0063009262 0.4308826 -0.015833139 0.0063009262 0.43088257 
		-0.015833139 0.0063009262 0.43088263 -0.015833139 0.0063009262 0.4308826 -0.015833139 
		0.0063009262 0.4308826 -0.015833139 0.0063009262 0.43088263 -0.015833139 0.0063009262 
		0.4308826 -0.015833139 0.0063009262 0.4308826 -0.015833139 0.0063009262 0.4308826 
		-0.015833139 0.0063009262 0.43088263 -0.015833139 0.0063009262 0.43088263 -0.015833139 
		0.0063009262 0.43088263 -0.015833139 0.0063009262 0.43088257 -0.015833139 0.0063009262 
		0.4308826 -0.015833139 0.0063009262 0.4308826 -0.015833139 0.0063009262 0.4308826 
		-0.01583308 0.0063009262 0.43088263 -0.01583308 0.0063009262 0.43088263 -0.015833139 
		0.0063009262 0.43088263 -0.015833139 0.0063009262 0.43088263 -0.015833139 0.0063009262 
		0.43088263 -0.015833139 0.0063009262 0.43088263 -0.015833139 0.0063009262 0.43088263 
		-0.015833139 0.0063009262 0.4308826 -0.015833139 0.0063009262 0.43088263 -0.015833139 
		0.0063009262 0.4308826 -0.015833139 0.0063009262 0.43088263 -0.01583308 0.0063009262 
		0.43088263 -0.015833139 0.0063009262 0.43088257 -0.015833139 0.0062999725 0.43088263 
		-0.015833139 0.0062999725 0.4308826 -0.015833139 0.0063009262 0.4308826 -0.01583311 
		0.0062999725 0.43088263 -0.01583308 0.0062999725 0.4308826 -0.015833095 0.0063009262 
		0.43088263 -0.015833095 0.0063009262 0.43088257 -0.01583308 0.0062999725 0.43088257 
		-0.015833139 0.0062999725 0.43088257 -0.015833139 0.0062999725 0.4308826 -0.01583308 
		0.0062999725 0.43088263 -0.01583308 0.0063009262 0.43088257 -0.015833139 0.0063009262 
		0.43088257 -0.015833139 0.0063009262 0.4308826 -0.015832901 0.0062999725 0.4308826 
		-0.015832901 0.0062999725 0.4308826 -0.015832901 0.0062999725 0.43088263 -0.015832901 
		0.0062999725 0.43088257 -0.01583308 0.0062999725 0.43088257 -0.01583308 0.0062999725 
		0.4308826 -0.01583308 0.0063004643 0.4308826 -0.01583308 0.0063004717 0.43088257 
		-0.015833139 0.0063004643 0.4308826 -0.015833139 0.0063004717 0.43088257 -0.01583308 
		0.0063009262 0.43088263 -0.015833139 0.0063009262 0.43088263 -0.015833139 0.0063009262 
		0.4308826 -0.01583308 0.0063009262 0.43088263 -0.015833139 0.0063009262 0.43088257 
		-0.015833139 0.0063009262 0.4308826 -0.01583308 0.0063009262 0.43088263 -0.01583308 
		0.0063009262 0.43088263;
	setAttr ".pt[830:995]" -0.015833139 0.0063009262 0.43088257 -0.015833139 0.0063009262 
		0.4308826 -0.01583308 0.0063009262 0.4308826 -0.01583308 0.0063004494 0.43088257 
		-0.015833139 0.0063004494 0.43088263 -0.015833139 0.0063004494 0.4308826 -0.01583308 
		0.0063004494 0.4308826 -0.01583308 0.0063004494 0.43088257 -0.015833139 0.0063004494 
		0.43088257 -0.015833139 0.0063004494 0.4308826 -0.01583308 0.0063004494 0.4308826 
		-0.01583308 0.0063004494 0.43088257 -0.015833139 0.0063004494 0.43088257 -0.015833139 
		0.0063004494 0.4308826 -0.01583308 0.0063004494 0.4308826 -0.01583308 0.0063004494 
		0.43088257 -0.015833139 0.0063004494 0.43088263 -0.015833139 0.0063004494 0.4308826 
		-0.01583308 0.0063004494 0.4308826 -0.01583308 0.0063004494 0.43088257 -0.015833139 
		0.0063004494 0.43088257 -0.015833139 0.0063004494 0.43088263 -0.01583308 0.0063004494 
		0.4308826 -0.01583308 0.0063004494 0.43088269 -0.015833139 0.0063004494 0.43088269 
		-0.015833139 0.0063004717 0.43088269 -0.015833139 0.0063004717 0.43088269 -0.01583311 
		0.0062999725 0.4308826 -0.01583311 0.0062999725 0.43088257 -0.015833139 0.0063009262 
		0.43088263 -0.015833139 0.0062999725 0.43088263 -0.015833139 0.0062999725 0.4308826 
		-0.015833139 0.0063009262 0.4308826 -0.015832901 0.0062999725 0.43088263 -0.015832901 
		0.0062999725 0.43088263 -0.015832901 0.0062999725 0.4308826 -0.015832901 0.0063009262 
		0.4308826 -0.015832901 0.0062999725 0.43088263 -0.015832901 0.0062999725 0.43088263 
		-0.015832901 0.0062999725 0.4308826 -0.015832901 0.0063009262 0.4308826 -0.015832901 
		0.0063009262 0.43088257 -0.015832901 0.0062999725 0.43088263 -0.015832901 0.0062999725 
		0.4308826 -0.015832901 0.0062999725 0.4308826 -0.01583308 0.0062999725 0.43088257 
		-0.01583308 0.0062999725 0.4308826 -0.01583308 0.0062999725 0.43088263 -0.01583308 
		0.0063009262 0.43088263 -0.01583308 0.0063009262 0.43088263 -0.01583308 0.0063009262 
		0.4308826 -0.01583308 0.0063004494 0.4308826 -0.01583308 0.0063004494 0.4308826 -0.01583308 
		0.0063004494 0.43088263 -0.01583308 0.0063004494 0.4308826 -0.01583308 0.0063004494 
		0.43088263 -0.01583308 0.0063004717 0.4308826 -0.01583308 0.0063004717 0.43088257 
		-0.015833139 0.0063004717 0.43088269 -0.015833139 0.0063004494 0.43088269 -0.01583308 
		0.0063004494 0.43088257 -0.01583308 0.0063004494 0.43088257 -0.01583308 0.0063004494 
		0.43088257 -0.01583308 0.0063004494 0.43088257 -0.01583308 0.0063004494 0.43088257 
		-0.01583308 0.0063009262 0.43088257 -0.01583308 0.0063009262 0.43088257 -0.01583308 
		0.0063009262 0.43088257 -0.01583308 0.0063009262 0.43088257 -0.01583308 0.0063009262 
		0.43088257 -0.01583308 0.0062999725 0.43088257 -0.015833139 0.0062999725 0.43088263 
		-0.015833139 0.0062999725 0.4308826 -0.015833139 0.0062999725 0.43088263 -0.015833139 
		0.0063009262 0.43088263 -0.015833139 0.0063009262 0.43088263 -0.015833139 0.0063009262 
		0.43088263 -0.015833139 0.0063009262 0.43088263 -0.015833139 0.0063009262 0.4308826 
		-0.015833139 0.0063004494 0.4308826 -0.015833139 0.0063004494 0.4308826 -0.015833139 
		0.0063004494 0.43088263 -0.015833139 0.0063004494 0.43088263 -0.015833139 0.0063004494 
		0.43088263 -0.015833139 0.0063004717 0.4308826 -0.015833139 0.0063004717 0.43088257 
		-0.015833139 0.0063004717 0.43088269 -0.015833139 0.0063004494 0.43088269 -0.015833139 
		0.0063004494 0.43088257 -0.015833139 0.0063004494 0.43088257 -0.015833139 0.0063004494 
